25.8791,-38.0340,0.0000 
25.8550,-37.8250,0.0000 
25.8250,-37.7950,0.0000 
25.8250,-37.7950,0.0000 
25.8050,-37.7550,0.0000 
25.7450,-37.6750,0.0000 
25.6850,-37.5950,0.0000 
25.6250,-37.5150,0.0000 
25.5650,-37.4350,0.0000 
25.5650,-37.3450,0.0000 
25.5350,-37.3150,0.0000 
25.4550,-37.2550,0.0000 
25.3750,-37.1950,0.0000 
25.2950,-37.1350,0.0000 
25.2150,-37.0750,0.0000 
25.1350,-37.0150,0.0000 
25.0450,-37.0150,0.0000 
25.0150,-36.9150,0.0000 
24.9850,-36.8150,0.0000 
25.0050,-36.7250,0.0000 
24.9250,-36.6650,0.0000 
24.8450,-36.6050,0.0000 
24.7550,-36.6050,0.0000 
24.7250,-36.5050,0.0000 
24.6950,-36.4050,0.0000 
24.6650,-36.3050,0.0000 
24.6350,-36.2050,0.0000 
24.6550,-36.1150,0.0000 
24.5750,-36.0550,0.0000 
24.4950,-35.9950,0.0000 
24.4150,-35.9350,0.0000 
24.3350,-35.8750,0.0000 
24.2550,-35.8150,0.0000 
24.1750,-35.7550,0.0000 
24.0950,-35.6950,0.0000 
24.0550,-35.6050,0.0000 
24.0150,-35.5850,0.0000 
23.9150,-35.5650,0.0000 
23.8150,-35.5450,0.0000 
23.7150,-35.5250,0.0000 
23.6150,-35.5050,0.0000 
23.5150,-35.4850,0.0000 
23.4750,-35.4550,0.0000 
23.3850,-35.4050,0.0000 
23.2950,-35.3550,0.0000 
23.2550,-35.3550,0.0000 
23.1550,-35.3350,0.0000 
23.0550,-35.3150,0.0000 
22.9550,-35.2950,0.0000 
22.8550,-35.2750,0.0000 
22.7550,-35.2550,0.0000 
22.6550,-35.2350,0.0000 
22.5550,-35.2150,0.0000 
22.5150,-35.2250,0.0000 
22.4150,-35.2350,0.0000 
22.3150,-35.2450,0.0000 
22.2150,-35.2550,0.0000 
22.1150,-35.2650,0.0000 
22.0150,-35.2750,0.0000 
21.9150,-35.2850,0.0000 
21.8150,-35.2950,0.0000 
21.7150,-35.3050,0.0000 
21.6450,-35.3650,0.0000 
21.6050,-35.3550,0.0000 
21.5050,-35.3250,0.0000 
21.4050,-35.2950,0.0000 
21.3050,-35.2650,0.0000 
21.2050,-35.2350,0.0000 
21.1050,-35.2050,0.0000 
21.0050,-35.1750,0.0000 
20.9050,-35.1450,0.0000 
20.8450,-35.0750,0.0000 
20.8050,-35.0750,0.0000 
20.7050,-35.0850,0.0000 
20.6050,-35.0950,0.0000 
20.5050,-35.1050,0.0000 
20.4650,-35.0850,0.0000 
20.4250,-35.0950,0.0000 
20.3250,-35.1050,0.0000 
20.2250,-35.1150,0.0000 
20.1250,-35.1250,0.0000 
20.0250,-35.1350,0.0000 
19.9250,-35.1450,0.0000 
19.8250,-35.1550,0.0000 
19.7250,-35.1650,0.0000 
19.6250,-35.1750,0.0000 
19.5250,-35.1850,0.0000 
19.4250,-35.1950,0.0000 
19.3250,-35.2050,0.0000 
19.2250,-35.2150,0.0000 
19.1250,-35.2250,0.0000 
19.0250,-35.2350,0.0000 
18.9250,-35.2450,0.0000 
18.8250,-35.2550,0.0000 
18.7550,-35.3150,0.0000 
18.7150,-35.3050,0.0000 
18.6150,-35.2750,0.0000 
18.5150,-35.2450,0.0000 
18.4150,-35.2150,0.0000 
18.3150,-35.1850,0.0000 
18.2150,-35.1550,0.0000 
18.1550,-35.0850,0.0000 
18.1150,-35.0850,0.0000 
18.0150,-35.0950,0.0000 
17.9150,-35.1050,0.0000 
17.8150,-35.1150,0.0000 
17.7150,-35.1250,0.0000 
17.6150,-35.1350,0.0000 
17.5150,-35.1450,0.0000 
17.4150,-35.1550,0.0000 
17.3150,-35.1650,0.0000 
17.2150,-35.1750,0.0000 
17.1150,-35.1850,0.0000 
17.0150,-35.1950,0.0000 
16.9150,-35.2050,0.0000 
16.8150,-35.2150,0.0000 
16.7150,-35.2250,0.0000 
16.6150,-35.2350,0.0000 
16.5150,-35.2450,0.0000 
16.4150,-35.2550,0.0000 
16.3150,-35.2650,0.0000 
16.2150,-35.2750,0.0000 
16.1150,-35.2850,0.0000 
16.0150,-35.2950,0.0000 
15.9150,-35.3050,0.0000 
15.8150,-35.3150,0.0000 
15.7150,-35.3250,0.0000 
15.6150,-35.3350,0.0000 
15.5150,-35.3450,0.0000 
15.4150,-35.3550,0.0000 
15.3450,-35.4150,0.0000 
15.3050,-35.4050,0.0000 
15.2050,-35.3750,0.0000 
15.1050,-35.3450,0.0000 
15.0050,-35.3150,0.0000 
14.9050,-35.2850,0.0000 
14.8050,-35.2550,0.0000 
14.7050,-35.2250,0.0000 
14.6050,-35.1950,0.0000 
14.5050,-35.1650,0.0000 
14.4050,-35.1350,0.0000 
14.3050,-35.1050,0.0000 
14.2050,-35.0750,0.0000 
14.1050,-35.0450,0.0000 
14.0050,-35.0150,0.0000 
13.9050,-34.9850,0.0000 
13.8050,-34.9550,0.0000 
13.7050,-34.9250,0.0000 
13.6050,-34.8950,0.0000 
13.5050,-34.8650,0.0000 
13.4050,-34.8350,0.0000 
13.3050,-34.8050,0.0000 
13.2050,-34.7750,0.0000 
13.1050,-34.7450,0.0000 
13.0050,-34.7150,0.0000 
12.9050,-34.6850,0.0000 
12.8050,-34.6550,0.0000 
12.7050,-34.6250,0.0000 
12.6050,-34.5950,0.0000 
12.5050,-34.5650,0.0000 
12.4050,-34.5350,0.0000 
12.3050,-34.5050,0.0000 
12.2050,-34.4750,0.0000 
12.1050,-34.4450,0.0000 
12.0050,-34.4150,0.0000 
11.9050,-34.3850,0.0000 
11.8050,-34.3550,0.0000 
11.7050,-34.3250,0.0000 
11.6050,-34.2950,0.0000 
11.5050,-34.2650,0.0000 
11.4050,-34.2350,0.0000 
11.3050,-34.2050,0.0000 
11.2050,-34.1750,0.0000 
11.1050,-34.1450,0.0000 
11.0050,-34.1150,0.0000 
10.9050,-34.0850,0.0000 
10.8050,-34.0550,0.0000 
10.7050,-34.0250,0.0000 
10.6050,-33.9950,0.0000 
10.5050,-33.9650,0.0000 
10.4050,-33.9350,0.0000 
10.3050,-33.9050,0.0000 
10.2050,-33.8750,0.0000 
10.1050,-33.8450,0.0000 
10.0050,-33.8150,0.0000 
9.9050,-33.7850,0.0000 
9.8050,-33.7550,0.0000 
9.7050,-33.7250,0.0000 
9.6050,-33.6950,0.0000 
9.5050,-33.6650,0.0000 
9.4050,-33.6350,0.0000 
9.3050,-33.6050,0.0000 
9.2050,-33.5750,0.0000 
9.1050,-33.5450,0.0000 
9.0050,-33.5150,0.0000 
8.9050,-33.4850,0.0000 
8.8050,-33.4550,0.0000 
8.7050,-33.4250,0.0000 
8.6050,-33.3950,0.0000 
8.5050,-33.3650,0.0000 
8.4050,-33.3350,0.0000 
8.3050,-33.3050,0.0000 
8.2050,-33.2750,0.0000 
8.1050,-33.2450,0.0000 
8.0050,-33.2150,0.0000 
7.9050,-33.1850,0.0000 
7.8050,-33.1550,0.0000 
7.7050,-33.1250,0.0000 
7.6050,-33.0950,0.0000 
7.5050,-33.0650,0.0000 
7.4050,-33.0350,0.0000 
7.3050,-33.0050,0.0000 
7.2050,-32.9750,0.0000 
7.1050,-32.9450,0.0000 
7.0050,-32.9150,0.0000 
6.9050,-32.8850,0.0000 
6.8050,-32.8550,0.0000 
6.7050,-32.8250,0.0000 
6.6050,-32.7950,0.0000 
6.5050,-32.7650,0.0000 
6.4050,-32.7350,0.0000 
6.3050,-32.7050,0.0000 
6.2150,-32.7250,0.0000 
6.1550,-32.6450,0.0000 
6.0950,-32.5650,0.0000 
6.0350,-32.4850,0.0000 
5.9750,-32.4050,0.0000 
5.9150,-32.3250,0.0000 
5.8550,-32.2450,0.0000 
5.7950,-32.1650,0.0000 
5.7850,-32.1250,0.0000 
5.7550,-32.0250,0.0000 
5.7250,-31.9250,0.0000 
5.6950,-31.8250,0.0000 
5.6650,-31.7250,0.0000 
5.6350,-31.6250,0.0000 
5.6050,-31.5250,0.0000 
5.5750,-31.4250,0.0000 
5.5450,-31.3250,0.0000 
5.5150,-31.2250,0.0000 
5.4850,-31.1250,0.0000 
5.4550,-31.0950,0.0000 
5.3950,-31.0150,0.0000 
5.3350,-30.9350,0.0000 
5.3250,-30.8950,0.0000 
5.2950,-30.7950,0.0000 
5.2650,-30.6950,0.0000 
5.2350,-30.5950,0.0000 
5.2050,-30.4950,0.0000 
5.1750,-30.3950,0.0000 
5.1450,-30.2950,0.0000 
5.1650,-30.2050,0.0000 
5.1450,-30.1650,0.0000 
5.0850,-30.0850,0.0000 
5.0250,-30.0050,0.0000 
4.9650,-29.9250,0.0000 
4.9050,-29.8450,0.0000 
4.8450,-29.7650,0.0000 
4.7550,-29.7350,0.0000 
4.7350,-29.6950,0.0000 
4.7050,-29.5950,0.0000 
4.6750,-29.4950,0.0000 
4.6450,-29.3950,0.0000 
4.6150,-29.2950,0.0000 
4.5850,-29.1950,0.0000 
4.5550,-29.0950,0.0000 
4.5250,-28.9950,0.0000 
4.5450,-28.9050,0.0000 
4.4650,-28.8450,0.0000 
4.4250,-28.8350,0.0000 
4.3950,-28.8050,0.0000 
4.3150,-28.7450,0.0000 
4.2350,-28.6850,0.0000 
4.1550,-28.6250,0.0000 
4.0750,-28.5650,0.0000 
3.9950,-28.5050,0.0000 
3.9750,-28.4650,0.0000 
3.9150,-28.3850,0.0000 
3.8550,-28.3050,0.0000 
3.7950,-28.2250,0.0000 
3.7050,-28.1950,0.0000 
3.7050,-28.0950,0.0000 
3.7050,-27.9950,0.0000 
3.7050,-27.8950,0.0000 
3.7050,-27.7950,0.0000 
3.7050,-27.6950,0.0000 
3.7050,-27.5950,0.0000 
3.7050,-27.4950,0.0000 
3.7050,-27.3950,0.0000 
3.7050,-27.2950,0.0000 
3.7050,-27.1950,0.0000 
3.7050,-27.0950,0.0000 
3.7050,-26.9950,0.0000 
3.7050,-26.8950,0.0000 
3.7050,-26.7950,0.0000 
3.7050,-26.6950,0.0000 
3.7050,-26.5950,0.0000 
3.7050,-26.4950,0.0000 
3.7050,-26.3950,0.0000 
3.7050,-26.2950,0.0000 
3.7050,-26.1950,0.0000 
3.7050,-26.0950,0.0000 
3.7050,-25.9950,0.0000 
3.7050,-25.8950,0.0000 
3.7050,-25.7950,0.0000 
3.7050,-25.6950,0.0000 
3.7050,-25.5950,0.0000 
3.7050,-25.4950,0.0000 
3.7050,-25.3950,0.0000 
3.7050,-25.2950,0.0000 
3.7050,-25.1950,0.0000 
3.7050,-25.0950,0.0000 
3.7050,-24.9950,0.0000 
3.7050,-24.8950,0.0000 
3.7050,-24.7950,0.0000 
3.7050,-24.6950,0.0000 
3.7050,-24.5950,0.0000 
3.7050,-24.4950,0.0000 
3.7050,-24.3950,0.0000 
3.7050,-24.2950,0.0000 
3.7050,-24.1950,0.0000 
3.7050,-24.0950,0.0000 
3.7050,-23.9950,0.0000 
3.6850,-23.9550,0.0000 
3.6550,-23.8550,0.0000 
3.6750,-23.7650,0.0000 
3.5950,-23.7050,0.0000 
3.5150,-23.6450,0.0000 
3.4350,-23.5850,0.0000 
3.3550,-23.5250,0.0000 
3.3350,-23.4850,0.0000 
3.3250,-23.3950,0.0000 
3.2250,-23.3750,0.0000 
3.1250,-23.3550,0.0000 
3.0250,-23.3350,0.0000 
2.9250,-23.3150,0.0000 
2.8250,-23.2950,0.0000 
2.7250,-23.2750,0.0000 
2.6250,-23.2550,0.0000 
2.5250,-23.2350,0.0000 
2.4850,-23.2050,0.0000 
2.3950,-23.1550,0.0000 
2.3050,-23.1050,0.0000 
2.2150,-23.0550,0.0000 
2.1250,-23.0050,0.0000 
2.0350,-22.9550,0.0000 
1.9450,-22.9050,0.0000 
1.8550,-22.8550,0.0000 
1.7650,-22.8050,0.0000 
1.6750,-22.7550,0.0000 
1.5850,-22.7050,0.0000 
1.5450,-22.7050,0.0000 
1.4450,-22.6850,0.0000 
1.3450,-22.6650,0.0000 
1.2450,-22.6450,0.0000 
1.1450,-22.6250,0.0000 
1.0450,-22.6050,0.0000 
0.9450,-22.5850,0.0000 
0.8450,-22.5650,0.0000 
0.7450,-22.5450,0.0000 
0.6450,-22.5250,0.0000 
0.5450,-22.5050,0.0000 
0.4450,-22.4850,0.0000 
0.3450,-22.4650,0.0000 
0.3050,-22.4350,0.0000 
0.2150,-22.3850,0.0000 
0.1250,-22.3350,0.0000 
0.0350,-22.2850,0.0000 
-0.0550,-22.2350,0.0000 
-0.1450,-22.1850,0.0000 
-0.2350,-22.1350,0.0000 
-0.2750,-22.1350,0.0000 
-0.3750,-22.1150,0.0000 
-0.4750,-22.0950,0.0000 
-0.5750,-22.0750,0.0000 
-0.6750,-22.0550,0.0000 
-0.7750,-22.0350,0.0000 
-0.8750,-22.0150,0.0000 
-0.9750,-21.9950,0.0000 
-1.0750,-21.9750,0.0000 
-1.1750,-21.9550,0.0000 
-1.2750,-21.9350,0.0000 
-1.3150,-21.9050,0.0000 
-1.4050,-21.8550,0.0000 
-1.4950,-21.8050,0.0000 
-1.5850,-21.7550,0.0000 
-1.6750,-21.7050,0.0000 
-1.7650,-21.6550,0.0000 
-1.7950,-21.6150,0.0000 
-1.8650,-21.5450,0.0000 
-1.9350,-21.4750,0.0000 
-2.0050,-21.4050,0.0000 
-2.0750,-21.3350,0.0000 
-2.0750,-21.3350,0.0000 
-2.0850,-21.2950,0.0000 
-2.1350,-21.2050,0.0000 
-2.1850,-21.1150,0.0000 
-2.2350,-21.0250,0.0000 
-2.2850,-20.9350,0.0000 
-2.3350,-20.8450,0.0000 
-2.3850,-20.7550,0.0000 
-2.4350,-20.6650,0.0000 
-2.4850,-20.5750,0.0000 
-2.5350,-20.4850,0.0000 
-2.5850,-20.3950,0.0000 
-2.6350,-20.3050,0.0000 
-2.6850,-20.2150,0.0000 
-2.7350,-20.1250,0.0000 
-2.7850,-20.0350,0.0000 
-2.8350,-19.9450,0.0000 
-2.8850,-19.8550,0.0000 
-2.9350,-19.7650,0.0000 
-2.9850,-19.6750,0.0000 
-3.0350,-19.5850,0.0000 
-3.0850,-19.4950,0.0000 
-3.1350,-19.4050,0.0000 
-3.1850,-19.3150,0.0000 
-3.2350,-19.2250,0.0000 
-3.2850,-19.1350,0.0000 
-3.3350,-19.0450,0.0000 
-3.3350,-19.0050,0.0000 
-3.3550,-18.9050,0.0000 
-3.3750,-18.8050,0.0000 
-3.3950,-18.7050,0.0000 
-3.4150,-18.6050,0.0000 
-3.4350,-18.5050,0.0000 
-3.4550,-18.4050,0.0000 
-3.4750,-18.3050,0.0000 
-3.4950,-18.2050,0.0000 
-3.5150,-18.1050,0.0000 
-3.5350,-18.0050,0.0000 
-3.5550,-17.9050,0.0000 
-3.5750,-17.8050,0.0000 
-3.5950,-17.7050,0.0000 
-3.6150,-17.6050,0.0000 
-3.6350,-17.5050,0.0000 
-3.6550,-17.4050,0.0000 
-3.6750,-17.3050,0.0000 
-3.6950,-17.2050,0.0000 
-3.7150,-17.1050,0.0000 
-3.7350,-17.0050,0.0000 
-3.7550,-16.9050,0.0000 
-3.7750,-16.8050,0.0000 
-3.7950,-16.7050,0.0000 
-3.8150,-16.6050,0.0000 
-3.8350,-16.5050,0.0000 
-3.8550,-16.4050,0.0000 
-3.8750,-16.3050,0.0000 
-3.8950,-16.2050,0.0000 
-3.9150,-16.1050,0.0000 
-3.9350,-16.0050,0.0000 
-3.9550,-15.9050,0.0000 
-3.9750,-15.8050,0.0000 
-3.9950,-15.7050,0.0000 
-4.0150,-15.6050,0.0000 
-4.0350,-15.5050,0.0000 
-4.0550,-15.4050,0.0000 
-4.0750,-15.3050,0.0000 
-4.0950,-15.2050,0.0000 
-4.1150,-15.1050,0.0000 
-4.1350,-15.0050,0.0000 
-4.1550,-14.9050,0.0000 
-4.1750,-14.8050,0.0000 
-4.1950,-14.7050,0.0000 
-4.2150,-14.6050,0.0000 
-4.2350,-14.5050,0.0000 
-4.2550,-14.4050,0.0000 
-4.2750,-14.3050,0.0000 
-4.2950,-14.2050,0.0000 
-4.3150,-14.1050,0.0000 
-4.3350,-14.0050,0.0000 
-4.3550,-13.9050,0.0000 
-4.3750,-13.8050,0.0000 
-4.3950,-13.7050,0.0000 
-4.4150,-13.6050,0.0000 
-4.4350,-13.5050,0.0000 
-4.4550,-13.4050,0.0000 
-4.4750,-13.3050,0.0000 
-4.4950,-13.2050,0.0000 
-4.5150,-13.1050,0.0000 
-4.5350,-13.0050,0.0000 
-4.5550,-12.9050,0.0000 
-4.5750,-12.8050,0.0000 
-4.5950,-12.7050,0.0000 
-4.6150,-12.6050,0.0000 
-4.6350,-12.5050,0.0000 
-4.6550,-12.4050,0.0000 
-4.6750,-12.3050,0.0000 
-4.6950,-12.2050,0.0000 
-4.7150,-12.1050,0.0000 
-4.7350,-12.0050,0.0000 
-4.7550,-11.9050,0.0000 
-4.7750,-11.8050,0.0000 
-4.7950,-11.7050,0.0000 
-4.8150,-11.6050,0.0000 
-4.8350,-11.5050,0.0000 
-4.8550,-11.4050,0.0000 
-4.8750,-11.3050,0.0000 
-4.8950,-11.2050,0.0000 
-4.9150,-11.1050,0.0000 
-4.9350,-11.0050,0.0000 
-4.9550,-10.9050,0.0000 
-4.9750,-10.8050,0.0000 
-4.9950,-10.7050,0.0000 
-5.0150,-10.6050,0.0000 
-5.0450,-10.5650,0.0000 
-5.0950,-10.4750,0.0000 
-5.1450,-10.3850,0.0000 
-5.1950,-10.2950,0.0000 
-5.2450,-10.2050,0.0000 
-5.2950,-10.1150,0.0000 
-5.2850,-10.0250,0.0000 
-5.3150,-9.9950,0.0000 
-5.3450,-9.9050,0.0000 
-5.3402,-10.0473,0.0000 
